
%%%%% training data:
doc0 talk.politics.guns talk.politics.mideast 0.3668818774249221  talk.politics.misc 0.3337401150239214  talk.politics.guns 0.29937800755115646 
doc1 talk.politics.guns talk.politics.mideast 0.3523864235695313  talk.politics.misc 0.3370296036258867  talk.politics.guns 0.31058397280458194 
doc2 talk.politics.guns talk.politics.mideast 0.3622547722346004  talk.politics.misc 0.3332084227698542  talk.politics.guns 0.3045368049955454 
doc3 talk.politics.guns talk.politics.mideast 0.3427721229042589  talk.politics.misc 0.33525832088854185  talk.politics.guns 0.32196955620719936 
doc4 talk.politics.guns talk.politics.mideast 0.3578607205143655  talk.politics.misc 0.33097926937907834  talk.politics.guns 0.31116001010655614 
doc5 talk.politics.guns talk.politics.mideast 0.3597187190951428  talk.politics.misc 0.33449593103320985  talk.politics.guns 0.3057853498716474 
doc6 talk.politics.guns talk.politics.mideast 0.36504356651747866  talk.politics.misc 0.337527253831863  talk.politics.guns 0.2974291796506583 
doc7 talk.politics.guns talk.politics.mideast 0.3611183291965215  talk.politics.misc 0.3303816667218519  talk.politics.guns 0.30850000408162664 
doc8 talk.politics.guns talk.politics.mideast 0.35398666789400235  talk.politics.misc 0.32700627695834966  talk.politics.guns 0.31900705514764793 
doc9 talk.politics.guns talk.politics.mideast 0.3655878659396923  talk.politics.misc 0.33380772913577533  talk.politics.guns 0.30060440492453244 
doc10 talk.politics.guns talk.politics.mideast 0.3632295161189209  talk.politics.misc 0.33487523762661003  talk.politics.guns 0.30189524625446906 
doc11 talk.politics.guns talk.politics.mideast 0.3629599503949905  talk.politics.misc 0.33032570453087245  talk.politics.guns 0.306714345074137 
doc12 talk.politics.guns talk.politics.guns 0.34572616329899325  talk.politics.mideast 0.3316090040226624  talk.politics.misc 0.3226648326783443 
doc13 talk.politics.guns talk.politics.guns 0.3421354068227276  talk.politics.mideast 0.33125044033327306  talk.politics.misc 0.3266141528439993 
doc14 talk.politics.guns talk.politics.guns 0.3374213890489485  talk.politics.mideast 0.332943686332898  talk.politics.misc 0.3296349246181535 
doc15 talk.politics.guns talk.politics.mideast 0.3645198112340251  talk.politics.misc 0.32719687252827434  talk.politics.guns 0.30828331623770056 
doc16 talk.politics.guns talk.politics.mideast 0.3637730733096725  talk.politics.misc 0.3278317747569668  talk.politics.guns 0.3083951519333607 
doc17 talk.politics.guns talk.politics.mideast 0.363368591549032  talk.politics.misc 0.3266810732469518  talk.politics.guns 0.30995033520401616 
doc18 talk.politics.guns talk.politics.mideast 0.37232791528380904  talk.politics.misc 0.3340642781640441  talk.politics.guns 0.29360780655214685 
doc19 talk.politics.guns talk.politics.mideast 0.360488644100223  talk.politics.misc 0.33339789790299645  talk.politics.guns 0.3061134579967806 
doc20 talk.politics.guns talk.politics.mideast 0.36344146899752927  talk.politics.misc 0.3365718554390324  talk.politics.guns 0.2999866755634382 
doc21 talk.politics.guns talk.politics.mideast 0.36107314720485323  talk.politics.misc 0.33148114629721226  talk.politics.guns 0.3074457064979345 
doc22 talk.politics.guns talk.politics.mideast 0.3547358469551638  talk.politics.misc 0.3335667484337382  talk.politics.guns 0.311697404611098 
doc23 talk.politics.guns talk.politics.mideast 0.3523301240212697  talk.politics.misc 0.3243238126369417  talk.politics.guns 0.32334606334178856 
doc24 talk.politics.guns talk.politics.mideast 0.35659292241675766  talk.politics.misc 0.33049431869499596  talk.politics.guns 0.31291275888824643 
doc25 talk.politics.guns talk.politics.mideast 0.3521161931990766  talk.politics.misc 0.33071674401460427  talk.politics.guns 0.317167062786319 
doc26 talk.politics.guns talk.politics.mideast 0.3464535804999622  talk.politics.misc 0.33690690633272996  talk.politics.guns 0.31663951316730776 
doc27 talk.politics.guns talk.politics.mideast 0.3497522083207416  talk.politics.misc 0.3352946016771626  talk.politics.guns 0.3149531900020958 
doc28 talk.politics.guns talk.politics.mideast 0.35922739949947186  talk.politics.misc 0.3356719606619982  talk.politics.guns 0.3051006398385299 
doc29 talk.politics.guns talk.politics.mideast 0.3562334242542031  talk.politics.misc 0.3392006310153579  talk.politics.guns 0.3045659447304389 
doc30 talk.politics.guns talk.politics.mideast 0.36454262121283054  talk.politics.misc 0.3328406393584555  talk.politics.guns 0.30261673942871387 
doc31 talk.politics.guns talk.politics.mideast 0.36934086025836455  talk.politics.misc 0.3337810571458074  talk.politics.guns 0.29687808259582804 
doc32 talk.politics.guns talk.politics.mideast 0.34788995434633  talk.politics.misc 0.33818692550842316  talk.politics.guns 0.31392312014524676 
doc33 talk.politics.guns talk.politics.mideast 0.3520569323590595  talk.politics.misc 0.33455648804713745  talk.politics.guns 0.3133865795938031 
doc34 talk.politics.guns talk.politics.mideast 0.36672398514737686  talk.politics.misc 0.3354038195510964  talk.politics.guns 0.29787219530152675 
doc35 talk.politics.guns talk.politics.mideast 0.35832216415369345  talk.politics.misc 0.3369082854444875  talk.politics.guns 0.3047695504018191 
doc36 talk.politics.guns talk.politics.mideast 0.3520790799272481  talk.politics.misc 0.3396387089668873  talk.politics.guns 0.30828221110586457 
doc37 talk.politics.guns talk.politics.mideast 0.35835332039005946  talk.politics.misc 0.3329880559429461  talk.politics.guns 0.3086586236669945 
doc38 talk.politics.guns talk.politics.mideast 0.3598552841324096  talk.politics.misc 0.3405266594820584  talk.politics.guns 0.2996180563855319 
doc39 talk.politics.guns talk.politics.mideast 0.35927481211633494  talk.politics.misc 0.3392790879406867  talk.politics.guns 0.3014460999429784 
doc40 talk.politics.guns talk.politics.mideast 0.35015922005643174  talk.politics.misc 0.33604817290544936  talk.politics.guns 0.31379260703811895 
doc41 talk.politics.guns talk.politics.mideast 0.35474468259377867  talk.politics.misc 0.3330080428122432  talk.politics.guns 0.31224727459397805 
doc42 talk.politics.guns talk.politics.mideast 0.3504743804730218  talk.politics.misc 0.3410846176115799  talk.politics.guns 0.3084410019153983 
doc43 talk.politics.guns talk.politics.mideast 0.35992021486132336  talk.politics.misc 0.3366070679578882  talk.politics.guns 0.30347271718078855 
doc44 talk.politics.guns talk.politics.mideast 0.35706509003693765  talk.politics.misc 0.3307850465960245  talk.politics.guns 0.3121498633670379 
doc45 talk.politics.guns talk.politics.mideast 0.3559641334916838  talk.politics.misc 0.3383868787787745  talk.politics.guns 0.30564898772954163 
doc46 talk.politics.guns talk.politics.mideast 0.34898392346599805  talk.politics.misc 0.3274001940645531  talk.politics.guns 0.32361588246944883 
doc47 talk.politics.guns talk.politics.mideast 0.35303344671597603  talk.politics.misc 0.34026175951692134  talk.politics.guns 0.30670479376710263 
doc48 talk.politics.guns talk.politics.mideast 0.3484947274979856  talk.politics.misc 0.33581616948369764  talk.politics.guns 0.31568910301831676 
doc49 talk.politics.guns talk.politics.mideast 0.36046443185337257  talk.politics.guns 0.3221305889363275  talk.politics.misc 0.3174049792103 
doc50 talk.politics.guns talk.politics.mideast 0.35848148524238105  talk.politics.misc 0.34265174800169806  talk.politics.guns 0.29886676675592083 
doc51 talk.politics.guns talk.politics.mideast 0.3586506307093486  talk.politics.misc 0.33852888171936346  talk.politics.guns 0.3028204875712881 
doc52 talk.politics.guns talk.politics.mideast 0.3633417747966253  talk.politics.misc 0.3301904590280408  talk.politics.guns 0.306467766175334 
doc53 talk.politics.guns talk.politics.mideast 0.36261326956003964  talk.politics.misc 0.34268744771400556  talk.politics.guns 0.29469928272595486 
doc54 talk.politics.guns talk.politics.mideast 0.355186631311034  talk.politics.misc 0.3347150192564211  talk.politics.guns 0.31009834943254483 
doc55 talk.politics.guns talk.politics.mideast 0.365086684243376  talk.politics.misc 0.32629759456989316  talk.politics.guns 0.30861572118673086 
doc56 talk.politics.guns talk.politics.mideast 0.34981749864426664  talk.politics.misc 0.326398539415589  talk.politics.guns 0.32378396194014447 
doc57 talk.politics.guns talk.politics.mideast 0.36504403943117764  talk.politics.misc 0.3276576788267043  talk.politics.guns 0.307298281742118 
doc58 talk.politics.guns talk.politics.mideast 0.3488583205753639  talk.politics.guns 0.32963933101758386  talk.politics.misc 0.32150234840705216 
doc59 talk.politics.guns talk.politics.mideast 0.3566475282531349  talk.politics.misc 0.3353456736095884  talk.politics.guns 0.3080067981372767 
doc60 talk.politics.guns talk.politics.mideast 0.3635629725827896  talk.politics.misc 0.3356375820359074  talk.politics.guns 0.30079944538130304 
doc61 talk.politics.guns talk.politics.misc 0.34673187563031366  talk.politics.mideast 0.3427302818618578  talk.politics.guns 0.3105378425078285 
doc62 talk.politics.guns talk.politics.mideast 0.36615924446655124  talk.politics.misc 0.33116813719545257  talk.politics.guns 0.30267261833799625 
doc63 talk.politics.guns talk.politics.mideast 0.376529877988782  talk.politics.misc 0.32713514559072276  talk.politics.guns 0.2963349764204952 
doc64 talk.politics.guns talk.politics.mideast 0.37126230059634646  talk.politics.misc 0.33017896305819494  talk.politics.guns 0.29855873634545865 
doc65 talk.politics.guns talk.politics.mideast 0.35007586070119073  talk.politics.misc 0.3355780546767859  talk.politics.guns 0.3143460846220234 
doc66 talk.politics.guns talk.politics.mideast 0.35058812998367894  talk.politics.misc 0.33367838232311303  talk.politics.guns 0.3157334876932081 
doc67 talk.politics.guns talk.politics.mideast 0.36442683287215716  talk.politics.misc 0.3214422774830208  talk.politics.guns 0.3141308896448221 
doc68 talk.politics.guns talk.politics.mideast 0.3607123272728181  talk.politics.misc 0.333039579439311  talk.politics.guns 0.3062480932878709 
doc69 talk.politics.guns talk.politics.mideast 0.37132822437888013  talk.politics.misc 0.328633580840616  talk.politics.guns 0.300038194780504 
doc70 talk.politics.guns talk.politics.mideast 0.3634018270839016  talk.politics.misc 0.3370870812182354  talk.politics.guns 0.29951109169786294 
doc71 talk.politics.guns talk.politics.mideast 0.3482042704101643  talk.politics.misc 0.3374466530686262  talk.politics.guns 0.3143490765212096 
doc72 talk.politics.guns talk.politics.mideast 0.3496059803093635  talk.politics.misc 0.3406059883343313  talk.politics.guns 0.3097880313563052 
doc73 talk.politics.guns talk.politics.mideast 0.3693456321784724  talk.politics.misc 0.3231174128612737  talk.politics.guns 0.3075369549602539 
doc74 talk.politics.guns talk.politics.mideast 0.35351122697494114  talk.politics.misc 0.33348248924914176  talk.politics.guns 0.31300628377591716 
doc75 talk.politics.guns talk.politics.mideast 0.34462632085525857  talk.politics.misc 0.34106081318980436  talk.politics.guns 0.314312865954937 
doc76 talk.politics.guns talk.politics.mideast 0.36285418117224383  talk.politics.misc 0.32900478734785765  talk.politics.guns 0.3081410314798985 
doc77 talk.politics.guns talk.politics.mideast 0.36632787972150493  talk.politics.misc 0.3293949162288282  talk.politics.guns 0.30427720404966685 
doc78 talk.politics.guns talk.politics.mideast 0.34830001300400465  talk.politics.misc 0.34110905721123813  talk.politics.guns 0.3105909297847573 
doc79 talk.politics.guns talk.politics.mideast 0.35446211945335315  talk.politics.misc 0.33131265342324256  talk.politics.guns 0.3142252271234042 
doc80 talk.politics.guns talk.politics.mideast 0.3654687150820534  talk.politics.misc 0.33884592957883125  talk.politics.guns 0.2956853553391152 
doc81 talk.politics.guns talk.politics.mideast 0.36242920492935105  talk.politics.misc 0.3397379657983813  talk.politics.guns 0.2978328292722678 
doc82 talk.politics.guns talk.politics.mideast 0.34388413077530305  talk.politics.misc 0.3372552128410879  talk.politics.guns 0.31886065638360894 
doc83 talk.politics.guns talk.politics.mideast 0.3635671554481591  talk.politics.misc 0.33405829276841414  talk.politics.guns 0.30237455178342665 
doc84 talk.politics.guns talk.politics.mideast 0.34504998673267934  talk.politics.misc 0.33952303899253844  talk.politics.guns 0.31542697427478233 
doc85 talk.politics.guns talk.politics.mideast 0.36031059390872117  talk.politics.misc 0.3451498685006301  talk.politics.guns 0.2945395375906487 
doc86 talk.politics.guns talk.politics.mideast 0.3654037231059136  talk.politics.misc 0.33661298247350624  talk.politics.guns 0.2979832944205802 
doc87 talk.politics.guns talk.politics.mideast 0.372489287456585  talk.politics.misc 0.329505653226346  talk.politics.guns 0.2980050593170689 
doc88 talk.politics.guns talk.politics.mideast 0.3656342689858961  talk.politics.misc 0.3313022012342423  talk.politics.guns 0.3030635297798616 
doc89 talk.politics.guns talk.politics.mideast 0.3459390545073879  talk.politics.misc 0.3333015423831669  talk.politics.guns 0.32075940310944523 
doc90 talk.politics.guns talk.politics.mideast 0.35329373759187077  talk.politics.misc 0.33329538227451483  talk.politics.guns 0.3134108801336144 
doc91 talk.politics.guns talk.politics.mideast 0.36913167180781575  talk.politics.misc 0.3437002688700265  talk.politics.guns 0.2871680593221577 
doc92 talk.politics.guns talk.politics.mideast 0.3591627452052138  talk.politics.misc 0.33674815135149544  talk.politics.guns 0.3040891034432909 
doc93 talk.politics.guns talk.politics.mideast 0.36452193744793704  talk.politics.misc 0.3417328562771494  talk.politics.guns 0.2937452062749135 
doc94 talk.politics.guns talk.politics.mideast 0.36319855067436946  talk.politics.misc 0.3325962328685279  talk.politics.guns 0.3042052164571027 
doc95 talk.politics.guns talk.politics.mideast 0.34740348087072875  talk.politics.misc 0.3369938760616289  talk.politics.guns 0.3156026430676424 
doc96 talk.politics.guns talk.politics.mideast 0.3593500495493187  talk.politics.misc 0.3341503751672638  talk.politics.guns 0.3064995752834175 
doc97 talk.politics.guns talk.politics.mideast 0.346090365052361  talk.politics.misc 0.3404329119484262  talk.politics.guns 0.3134767229992128 
doc98 talk.politics.guns talk.politics.mideast 0.3664159533894826  talk.politics.misc 0.3432532525063684  talk.politics.guns 0.29033079410414914 
doc99 talk.politics.guns talk.politics.mideast 0.3470951650846139  talk.politics.misc 0.3415962015560777  talk.politics.guns 0.3113086333593084 
doc100 talk.politics.guns talk.politics.mideast 0.351188286689921  talk.politics.misc 0.33681735681392927  talk.politics.guns 0.31199435649614965 
doc101 talk.politics.guns talk.politics.mideast 0.36025122894275324  talk.politics.misc 0.33450247297240737  talk.politics.guns 0.30524629808483933 
doc102 talk.politics.guns talk.politics.mideast 0.36364869400169203  talk.politics.misc 0.334964005771914  talk.politics.guns 0.3013873002263938 
doc103 talk.politics.guns talk.politics.mideast 0.3570888151654166  talk.politics.misc 0.3367503255800409  talk.politics.guns 0.30616085925454245 
doc104 talk.politics.guns talk.politics.mideast 0.35244026590008914  talk.politics.misc 0.33656834216854475  talk.politics.guns 0.31099139193136605 
doc105 talk.politics.guns talk.politics.mideast 0.36909449819219947  talk.politics.misc 0.33726348202773876  talk.politics.guns 0.29364201978006177 
doc106 talk.politics.guns talk.politics.mideast 0.3664672090917024  talk.politics.misc 0.3309051401883922  talk.politics.guns 0.3026276507199054 
doc107 talk.politics.guns talk.politics.mideast 0.36031124813912874  talk.politics.misc 0.33276862516434985  talk.politics.guns 0.3069201266965214 
doc108 talk.politics.guns talk.politics.mideast 0.3710502905271162  talk.politics.misc 0.33630389302421326  talk.politics.guns 0.2926458164486705 
doc109 talk.politics.guns talk.politics.mideast 0.35932383171673943  talk.politics.misc 0.34664841282469977  talk.politics.guns 0.2940277554585609 
doc110 talk.politics.guns talk.politics.mideast 0.37351468046758574  talk.politics.misc 0.3369187421094791  talk.politics.guns 0.2895665774229352 
doc111 talk.politics.guns talk.politics.mideast 0.34898130012627065  talk.politics.misc 0.34083228138411875  talk.politics.guns 0.3101864184896106 
doc112 talk.politics.guns talk.politics.mideast 0.35532072184857266  talk.politics.misc 0.34270795275307037  talk.politics.guns 0.30197132539835697 
doc113 talk.politics.guns talk.politics.mideast 0.36694024452721496  talk.politics.misc 0.3312759859024839  talk.politics.guns 0.301783769570301 
doc114 talk.politics.guns talk.politics.mideast 0.3555371874174874  talk.politics.misc 0.3355620353738924  talk.politics.guns 0.3089007772086201 
doc115 talk.politics.guns talk.politics.mideast 0.37398345910050806  talk.politics.misc 0.32311349069566436  talk.politics.guns 0.3029030502038277 
doc116 talk.politics.guns talk.politics.mideast 0.36719480837072993  talk.politics.misc 0.3210408535931434  talk.politics.guns 0.3117643380361268 
doc117 talk.politics.guns talk.politics.mideast 0.35276914866594894  talk.politics.misc 0.3387573719882782  talk.politics.guns 0.3084734793457728 
doc118 talk.politics.guns talk.politics.mideast 0.36526914491076673  talk.politics.misc 0.33197567223830415  talk.politics.guns 0.3027551828509291 
doc119 talk.politics.guns talk.politics.mideast 0.3419897081829513  talk.politics.misc 0.3411061435393493  talk.politics.guns 0.3169041482776994 
doc120 talk.politics.guns talk.politics.mideast 0.35961571127487163  talk.politics.misc 0.3359133153252636  talk.politics.guns 0.30447097339986484 
doc121 talk.politics.guns talk.politics.mideast 0.3548384120039268  talk.politics.misc 0.33840027283645385  talk.politics.guns 0.30676131515961935 
doc122 talk.politics.guns talk.politics.mideast 0.3688464092592232  talk.politics.misc 0.33287657122941533  talk.politics.guns 0.29827701951136154 
doc123 talk.politics.guns talk.politics.mideast 0.3652061260179066  talk.politics.misc 0.3248497711553949  talk.politics.guns 0.3099441028266986 
doc124 talk.politics.guns talk.politics.mideast 0.3605877921252259  talk.politics.misc 0.3364831706693503  talk.politics.guns 0.3029290372054237 
doc125 talk.politics.guns talk.politics.mideast 0.35936055358383134  talk.politics.misc 0.3309493598282975  talk.politics.guns 0.3096900865878712 
doc126 talk.politics.guns talk.politics.mideast 0.34836150932904053  talk.politics.misc 0.328044935118709  talk.politics.guns 0.3235935555522505 
doc127 talk.politics.guns talk.politics.mideast 0.36158713062954534  talk.politics.misc 0.3292406601841691  talk.politics.guns 0.3091722091862855 
doc128 talk.politics.guns talk.politics.mideast 0.34919504967481835  talk.politics.misc 0.33911565379665826  talk.politics.guns 0.31168929652852334 
doc129 talk.politics.guns talk.politics.mideast 0.3532611378225307  talk.politics.misc 0.33878113580975416  talk.politics.guns 0.307957726367715 
doc130 talk.politics.guns talk.politics.mideast 0.3558023566935607  talk.politics.misc 0.33254874814808305  talk.politics.guns 0.31164889515835636 
doc131 talk.politics.guns talk.politics.mideast 0.35745748683434214  talk.politics.misc 0.33612624610324365  talk.politics.guns 0.30641626706241415 
doc132 talk.politics.guns talk.politics.mideast 0.35308945697975086  talk.politics.misc 0.33280822865479803  talk.politics.guns 0.31410231436545105 
doc133 talk.politics.guns talk.politics.mideast 0.35014503143217063  talk.politics.misc 0.3414745337041305  talk.politics.guns 0.3083804348636988 
doc134 talk.politics.guns talk.politics.mideast 0.3521215451555709  talk.politics.misc 0.33260592311226267  talk.politics.guns 0.31527253173216657 
doc135 talk.politics.guns talk.politics.mideast 0.36322633823383205  talk.politics.misc 0.345583937039399  talk.politics.guns 0.291189724726769 
doc136 talk.politics.guns talk.politics.mideast 0.35710159172409256  talk.politics.misc 0.32516699199061366  talk.politics.guns 0.3177314162852937 
doc137 talk.politics.guns talk.politics.mideast 0.3521195100760032  talk.politics.misc 0.33568081935284894  talk.politics.guns 0.31219967057114795 
doc138 talk.politics.guns talk.politics.mideast 0.35634133394932815  talk.politics.misc 0.33050918505534976  talk.politics.guns 0.3131494809953221 
doc139 talk.politics.guns talk.politics.mideast 0.36680472453252766  talk.politics.misc 0.32985751593733204  talk.politics.guns 0.3033377595301403 
doc140 talk.politics.guns talk.politics.mideast 0.3562688380467396  talk.politics.misc 0.3333231070411763  talk.politics.guns 0.3104080549120841 
doc141 talk.politics.guns talk.politics.mideast 0.36517126665713295  talk.politics.misc 0.33122713456839703  talk.politics.guns 0.30360159877447 
doc142 talk.politics.guns talk.politics.mideast 0.3557051347162987  talk.politics.misc 0.3328697858894661  talk.politics.guns 0.3114250793942352 
doc143 talk.politics.guns talk.politics.mideast 0.3542820084365047  talk.politics.misc 0.33326685363866254  talk.politics.guns 0.31245113792483276 
doc144 talk.politics.guns talk.politics.mideast 0.35694108653983136  talk.politics.misc 0.3372347593690922  talk.politics.guns 0.3058241540910765 
doc145 talk.politics.guns talk.politics.mideast 0.3492243201096064  talk.politics.misc 0.3423837046685268  talk.politics.guns 0.30839197522186684 
doc146 talk.politics.guns talk.politics.mideast 0.3620030890410208  talk.politics.misc 0.33523392119902123  talk.politics.guns 0.30276298975995797 
doc147 talk.politics.guns talk.politics.mideast 0.361550449894216  talk.politics.misc 0.332614863214094  talk.politics.guns 0.30583468689169 
doc148 talk.politics.guns talk.politics.mideast 0.3640373185394821  talk.politics.misc 0.3370166622989879  talk.politics.guns 0.29894601916152996 
doc149 talk.politics.guns talk.politics.mideast 0.3726676908336515  talk.politics.misc 0.3315406959595838  talk.politics.guns 0.29579161320676467 
doc150 talk.politics.guns talk.politics.mideast 0.3448651130917187  talk.politics.misc 0.34097251018881364  talk.politics.guns 0.31416237671946773 
doc151 talk.politics.guns talk.politics.mideast 0.3567661237794692  talk.politics.misc 0.3372982864510724  talk.politics.guns 0.3059355897694584 
doc152 talk.politics.guns talk.politics.mideast 0.35119000167271147  talk.politics.misc 0.3360968768649197  talk.politics.guns 0.31271312146236896 
doc153 talk.politics.guns talk.politics.mideast 0.374184514079379  talk.politics.misc 0.32972931010453777  talk.politics.guns 0.29608617581608326 
doc154 talk.politics.guns talk.politics.mideast 0.35509787751051386  talk.politics.misc 0.33860120650270936  talk.politics.guns 0.30630091598677683 
doc155 talk.politics.guns talk.politics.mideast 0.37180914238289103  talk.politics.misc 0.33061829924811886  talk.politics.guns 0.2975725583689902 
doc156 talk.politics.guns talk.politics.mideast 0.3524216412857447  talk.politics.misc 0.33635564317588434  talk.politics.guns 0.31122271553837083 
doc157 talk.politics.guns talk.politics.mideast 0.36079910233687523  talk.politics.misc 0.3355752631608726  talk.politics.guns 0.30362563450225216 
doc158 talk.politics.guns talk.politics.mideast 0.35716808084331675  talk.politics.misc 0.3372301355589796  talk.politics.guns 0.30560178359770374 
doc159 talk.politics.guns talk.politics.mideast 0.3492608511459922  talk.politics.misc 0.33670271252579836  talk.politics.guns 0.31403643632820955 
doc160 talk.politics.guns talk.politics.mideast 0.35447871122163455  talk.politics.misc 0.33984403262562635  talk.politics.guns 0.3056772561527393 
doc161 talk.politics.guns talk.politics.mideast 0.36060450554737183  talk.politics.misc 0.3208372253023496  talk.politics.guns 0.31855826915027846 
doc162 talk.politics.guns talk.politics.mideast 0.3446794011932772  talk.politics.misc 0.3394737059673993  talk.politics.guns 0.31584689283932355 
doc163 talk.politics.guns talk.politics.mideast 0.3478780733651959  talk.politics.misc 0.33571214235734814  talk.politics.guns 0.316409784277456 
doc164 talk.politics.guns talk.politics.mideast 0.3540875043304758  talk.politics.misc 0.3331397032962924  talk.politics.guns 0.3127727923732318 
doc165 talk.politics.guns talk.politics.mideast 0.36270805550306706  talk.politics.misc 0.33765082730819646  talk.politics.guns 0.2996411171887366 
doc166 talk.politics.guns talk.politics.mideast 0.35571315824002336  talk.politics.misc 0.3352909988544552  talk.politics.guns 0.3089958429055215 
doc167 talk.politics.guns talk.politics.mideast 0.3571679450020865  talk.politics.misc 0.336838661513855  talk.politics.guns 0.3059933934840585 
doc168 talk.politics.guns talk.politics.mideast 0.36199052687397465  talk.politics.misc 0.3454733776128703  talk.politics.guns 0.2925360955131549 
doc169 talk.politics.guns talk.politics.mideast 0.3647639041629334  talk.politics.misc 0.3389280386772499  talk.politics.guns 0.2963080571598167 
doc170 talk.politics.guns talk.politics.mideast 0.36732021481638955  talk.politics.misc 0.33488974965458446  talk.politics.guns 0.297790035529026 
doc171 talk.politics.guns talk.politics.mideast 0.3587971848620554  talk.politics.misc 0.34024019344876105  talk.politics.guns 0.3009626216891835 
doc172 talk.politics.guns talk.politics.mideast 0.3693048631675823  talk.politics.misc 0.3306388565370515  talk.politics.guns 0.30005628029536624 
doc173 talk.politics.guns talk.politics.mideast 0.36505350019764493  talk.politics.misc 0.32342203372507505  talk.politics.guns 0.3115244660772801 
doc174 talk.politics.guns talk.politics.mideast 0.36218897842966935  talk.politics.misc 0.3236246073771802  talk.politics.guns 0.3141864141931504 
doc175 talk.politics.guns talk.politics.mideast 0.35340488010517646  talk.politics.misc 0.3407547153328985  talk.politics.guns 0.30584040456192507 
doc176 talk.politics.guns talk.politics.mideast 0.35640358836834807  talk.politics.misc 0.33426821895572356  talk.politics.guns 0.30932819267592837 
doc177 talk.politics.guns talk.politics.mideast 0.35969030897023796  talk.politics.misc 0.3342849011137791  talk.politics.guns 0.3060247899159828 
doc178 talk.politics.guns talk.politics.mideast 0.366184628439417  talk.politics.misc 0.33837551849417075  talk.politics.guns 0.29543985306641224 
doc179 talk.politics.guns talk.politics.mideast 0.3588389621730913  talk.politics.misc 0.33889879878944573  talk.politics.guns 0.30226223903746297 
doc180 talk.politics.guns talk.politics.mideast 0.3491076794257733  talk.politics.misc 0.3436029559979789  talk.politics.guns 0.30728936457624784 
doc181 talk.politics.guns talk.politics.mideast 0.3522336817177477  talk.politics.misc 0.33645242962299093  talk.politics.guns 0.3113138886592613 
doc182 talk.politics.guns talk.politics.mideast 0.35396315761512986  talk.politics.misc 0.33735060206075546  talk.politics.guns 0.3086862403241146 
doc183 talk.politics.guns talk.politics.mideast 0.35582461177791425  talk.politics.misc 0.33020328272597943  talk.politics.guns 0.31397210549610644 
doc184 talk.politics.guns talk.politics.mideast 0.3792163619418807  talk.politics.misc 0.316453768017439  talk.politics.guns 0.30432987004068024 
doc185 talk.politics.guns talk.politics.mideast 0.3628963575543723  talk.politics.misc 0.33579083786688535  talk.politics.guns 0.30131280457874243 
doc186 talk.politics.guns talk.politics.mideast 0.3653129731835524  talk.politics.misc 0.3381230564072557  talk.politics.guns 0.2965639704091919 
doc187 talk.politics.guns talk.politics.mideast 0.35374610523476174  talk.politics.misc 0.3391187683039499  talk.politics.guns 0.3071351264612883 
doc188 talk.politics.guns talk.politics.mideast 0.36119271366330824  talk.politics.misc 0.3397348543397124  talk.politics.guns 0.29907243199697936 
doc189 talk.politics.guns talk.politics.mideast 0.36607577409927333  talk.politics.misc 0.3278249384195425  talk.politics.guns 0.30609928748118415 
doc190 talk.politics.guns talk.politics.mideast 0.3617267470481145  talk.politics.misc 0.33871696921892175  talk.politics.guns 0.2995562837329637 
doc191 talk.politics.guns talk.politics.mideast 0.3524459148619526  talk.politics.misc 0.3356450345406778  talk.politics.guns 0.3119090505973697 
doc192 talk.politics.guns talk.politics.mideast 0.3529068212701586  talk.politics.misc 0.3403354481095262  talk.politics.guns 0.3067577306203153 
doc193 talk.politics.guns talk.politics.mideast 0.34805779938485515  talk.politics.misc 0.3439106827749436  talk.politics.guns 0.3080315178402012 
doc194 talk.politics.guns talk.politics.mideast 0.3471534555332862  talk.politics.misc 0.3398565170421159  talk.politics.guns 0.31299002742459797 
doc195 talk.politics.guns talk.politics.mideast 0.3509543104990047  talk.politics.misc 0.33137494952041496  talk.politics.guns 0.3176707399805804 
doc196 talk.politics.guns talk.politics.mideast 0.35394050706666014  talk.politics.misc 0.3421002737700896  talk.politics.guns 0.30395921916325036 
doc197 talk.politics.guns talk.politics.mideast 0.36370100737729427  talk.politics.misc 0.33985152165793886  talk.politics.guns 0.29644747096476687 
doc198 talk.politics.guns talk.politics.mideast 0.37127149305204443  talk.politics.misc 0.3347301158451241  talk.politics.guns 0.2939983911028315 
doc199 talk.politics.guns talk.politics.mideast 0.37148551287859083  talk.politics.misc 0.3423604579251639  talk.politics.guns 0.2861540291962453 
doc200 talk.politics.guns talk.politics.mideast 0.3554254503447829  talk.politics.misc 0.33591875960828016  talk.politics.guns 0.30865579004693694 
doc201 talk.politics.guns talk.politics.mideast 0.3620117145256315  talk.politics.misc 0.3389701794164903  talk.politics.guns 0.299018106057878 
doc202 talk.politics.guns talk.politics.mideast 0.36380358242040944  talk.politics.misc 0.32752602713304835  talk.politics.guns 0.3086703904465422 
doc203 talk.politics.guns talk.politics.mideast 0.3555873891963918  talk.politics.misc 0.32867835614005475  talk.politics.guns 0.31573425466355326 
doc204 talk.politics.guns talk.politics.mideast 0.3679145972275788  talk.politics.misc 0.3278215845401872  talk.politics.guns 0.3042638182322339 
doc205 talk.politics.guns talk.politics.mideast 0.3592367982189483  talk.politics.misc 0.33488176026839717  talk.politics.guns 0.3058814415126545 
doc206 talk.politics.guns talk.politics.mideast 0.3645902621523255  talk.politics.misc 0.3391245583119806  talk.politics.guns 0.2962851795356939 
doc207 talk.politics.guns talk.politics.mideast 0.3678320398656415  talk.politics.misc 0.3370609719758443  talk.politics.guns 0.29510698815851416 
doc208 talk.politics.guns talk.politics.mideast 0.3603349130362973  talk.politics.misc 0.334361562954611  talk.politics.guns 0.3053035240090916 
doc209 talk.politics.guns talk.politics.mideast 0.35753128885708796  talk.politics.misc 0.3382460490842938  talk.politics.guns 0.3042226620586183 
doc210 talk.politics.guns talk.politics.mideast 0.36387073132868336  talk.politics.misc 0.33210570881121176  talk.politics.guns 0.3040235598601049 
doc211 talk.politics.guns talk.politics.mideast 0.3512074476048628  talk.politics.misc 0.33301902333504224  talk.politics.guns 0.3157735290600951 
doc212 talk.politics.guns talk.politics.mideast 0.3509246372286982  talk.politics.misc 0.3361174962228904  talk.politics.guns 0.3129578665484113 
doc213 talk.politics.guns talk.politics.mideast 0.35540959781645926  talk.politics.misc 0.33374509162461036  talk.politics.guns 0.31084531055893044 
doc214 talk.politics.guns talk.politics.mideast 0.36391707294716563  talk.politics.misc 0.3341064053377211  talk.politics.guns 0.3019765217151132 
doc215 talk.politics.guns talk.politics.mideast 0.35972884281027695  talk.politics.misc 0.3332522571078514  talk.politics.guns 0.3070189000818716 
doc216 talk.politics.guns talk.politics.mideast 0.3657949782972952  talk.politics.misc 0.33923983753073533  talk.politics.guns 0.29496518417196943 
doc217 talk.politics.guns talk.politics.mideast 0.3624605549184801  talk.politics.misc 0.33668943859433925  talk.politics.guns 0.30085000648718063 
doc218 talk.politics.guns talk.politics.mideast 0.35459363776649283  talk.politics.misc 0.33527806975669666  talk.politics.guns 0.31012829247681056 
doc219 talk.politics.guns talk.politics.mideast 0.3506100966651826  talk.politics.misc 0.33960027554664823  talk.politics.guns 0.3097896277881691 
doc220 talk.politics.guns talk.politics.mideast 0.35856966053654354  talk.politics.misc 0.34321726612860315  talk.politics.guns 0.29821307333485325 
doc221 talk.politics.guns talk.politics.mideast 0.3720494954909172  talk.politics.misc 0.33249037358517597  talk.politics.guns 0.29546013092390694 
doc222 talk.politics.guns talk.politics.mideast 0.3660348529755048  talk.politics.misc 0.33292742975960615  talk.politics.guns 0.30103771726488904 
doc223 talk.politics.guns talk.politics.mideast 0.367411495874399  talk.politics.misc 0.32847160298080275  talk.politics.guns 0.3041169011447982 
doc224 talk.politics.guns talk.politics.mideast 0.36774179263655404  talk.politics.misc 0.3391991750487809  talk.politics.guns 0.2930590323146652 
doc225 talk.politics.guns talk.politics.mideast 0.3547286891542443  talk.politics.misc 0.34485192939791565  talk.politics.guns 0.30041938144784003 
doc226 talk.politics.guns talk.politics.mideast 0.3475559435731216  talk.politics.misc 0.3375102941601253  talk.politics.guns 0.31493376226675307 
doc227 talk.politics.guns talk.politics.mideast 0.3595920122444994  talk.politics.misc 0.34028229945253446  talk.politics.guns 0.30012568830296615 
doc228 talk.politics.guns talk.politics.mideast 0.362111526630355  talk.politics.misc 0.3349925441395391  talk.politics.guns 0.3028959292301059 
doc229 talk.politics.guns talk.politics.mideast 0.3535639848153327  talk.politics.misc 0.34208640941267604  talk.politics.guns 0.3043496057719911 
doc230 talk.politics.guns talk.politics.mideast 0.3586228501406038  talk.politics.misc 0.33530882887509744  talk.politics.guns 0.30606832098429876 
doc231 talk.politics.guns talk.politics.mideast 0.3567157757636964  talk.politics.misc 0.33800232406124936  talk.politics.guns 0.30528190017505435 
doc232 talk.politics.guns talk.politics.mideast 0.35344193998615037  talk.politics.misc 0.33418681142291556  talk.politics.guns 0.31237124859093396 
doc233 talk.politics.guns talk.politics.mideast 0.376314048107723  talk.politics.misc 0.33720573885746113  talk.politics.guns 0.2864802130348159 
doc234 talk.politics.guns talk.politics.mideast 0.3573840929634531  talk.politics.misc 0.3367127855752308  talk.politics.guns 0.3059031214613162 
doc235 talk.politics.guns talk.politics.mideast 0.3445202969306186  talk.politics.misc 0.3315577283493901  talk.politics.guns 0.32392197471999123 
doc236 talk.politics.guns talk.politics.mideast 0.35168855225209666  talk.politics.misc 0.33638955374015983  talk.politics.guns 0.3119218940077434 
doc237 talk.politics.guns talk.politics.mideast 0.3413262071698924  talk.politics.misc 0.3340005892015629  talk.politics.guns 0.3246732036285447 
doc238 talk.politics.guns talk.politics.mideast 0.3559706451080803  talk.politics.misc 0.3405878338269303  talk.politics.guns 0.3034415210649894 
doc239 talk.politics.guns talk.politics.misc 0.34122071111841845  talk.politics.mideast 0.3412035708276545  talk.politics.guns 0.31757571805392704 
doc240 talk.politics.guns talk.politics.mideast 0.3752264026015799  talk.politics.misc 0.3380560412681747  talk.politics.guns 0.2867175561302455 
doc241 talk.politics.guns talk.politics.mideast 0.36552868533988625  talk.politics.misc 0.3183705284805529  talk.politics.guns 0.31610078617956094 
doc242 talk.politics.guns talk.politics.mideast 0.3596820270754711  talk.politics.misc 0.32937982184833464  talk.politics.guns 0.3109381510761942 
doc243 talk.politics.guns talk.politics.mideast 0.36223605318691493  talk.politics.misc 0.3270159027819739  talk.politics.guns 0.3107480440311111 
doc244 talk.politics.guns talk.politics.mideast 0.35335596676253844  talk.politics.misc 0.34119264020392476  talk.politics.guns 0.30545139303353686 
doc245 talk.politics.guns talk.politics.mideast 0.36074026379738283  talk.politics.misc 0.33484829308166364  talk.politics.guns 0.3044114431209535 
doc246 talk.politics.guns talk.politics.mideast 0.3647300810208057  talk.politics.misc 0.3365761383332104  talk.politics.guns 0.298693780645984 
doc247 talk.politics.guns talk.politics.mideast 0.35512209432043956  talk.politics.misc 0.335104788914992  talk.politics.guns 0.30977311676456853 
doc248 talk.politics.guns talk.politics.mideast 0.3564434242712796  talk.politics.misc 0.3416753571897499  talk.politics.guns 0.3018812185389706 
doc249 talk.politics.guns talk.politics.mideast 0.352320781943333  talk.politics.misc 0.335157375707843  talk.politics.guns 0.31252184234882413 
doc250 talk.politics.guns talk.politics.mideast 0.3419701242389647  talk.politics.misc 0.3367904374469731  talk.politics.guns 0.3212394383140621 
doc251 talk.politics.guns talk.politics.mideast 0.35794546428339863  talk.politics.misc 0.3343506680973198  talk.politics.guns 0.3077038676192817 
doc252 talk.politics.guns talk.politics.mideast 0.35759994953205143  talk.politics.misc 0.3328190747038563  talk.politics.guns 0.3095809757640924 
doc253 talk.politics.guns talk.politics.mideast 0.35611072129247756  talk.politics.misc 0.33604960666646777  talk.politics.guns 0.30783967204105467 
doc254 talk.politics.guns talk.politics.mideast 0.38268613302068766  talk.politics.misc 0.3266941976500397  talk.politics.guns 0.29061966932927275 
doc255 talk.politics.guns talk.politics.mideast 0.3475583042006885  talk.politics.misc 0.3414806310434811  talk.politics.guns 0.31096106475583046 
doc256 talk.politics.guns talk.politics.mideast 0.34537047406188726  talk.politics.misc 0.33811784867827815  talk.politics.guns 0.31651167725983453 
doc257 talk.politics.guns talk.politics.mideast 0.34928079764224246  talk.politics.misc 0.3418099674081273  talk.politics.guns 0.30890923494963024 
doc258 talk.politics.guns talk.politics.mideast 0.36463911098878454  talk.politics.misc 0.3294029791317148  talk.politics.guns 0.30595790987950067 
doc259 talk.politics.guns talk.politics.mideast 0.3568792945054585  talk.politics.misc 0.33621274172262544  talk.politics.guns 0.30690796377191604 
doc260 talk.politics.guns talk.politics.mideast 0.35709283221764765  talk.politics.misc 0.32930368093712126  talk.politics.guns 0.313603486845231 
doc261 talk.politics.guns talk.politics.mideast 0.35553101924572855  talk.politics.misc 0.3337361846336158  talk.politics.guns 0.3107327961206557 
doc262 talk.politics.guns talk.politics.mideast 0.36364034842488735  talk.politics.misc 0.3280496053598503  talk.politics.guns 0.30831004621526226 
doc263 talk.politics.guns talk.politics.mideast 0.3572422140874736  talk.politics.misc 0.3319832809096827  talk.politics.guns 0.3107745050028436 
doc264 talk.politics.guns talk.politics.mideast 0.36251341819929733  talk.politics.misc 0.3341802472799207  talk.politics.guns 0.30330633452078204 
doc265 talk.politics.guns talk.politics.mideast 0.36155361058324403  talk.politics.misc 0.34278534839739483  talk.politics.guns 0.29566104101936125 
doc266 talk.politics.guns talk.politics.mideast 0.35859437456427506  talk.politics.misc 0.33099873169490174  talk.politics.guns 0.31040689374082325 
doc267 talk.politics.guns talk.politics.mideast 0.35815366973390916  talk.politics.misc 0.3243194867142174  talk.politics.guns 0.3175268435518735 
doc268 talk.politics.guns talk.politics.mideast 0.34914975985461205  talk.politics.misc 0.3306659564736296  talk.politics.guns 0.32018428367175844 
doc269 talk.politics.guns talk.politics.mideast 0.37212294685449376  talk.politics.misc 0.3308892736188925  talk.politics.guns 0.29698777952661376 
doc270 talk.politics.guns talk.politics.mideast 0.36120291780002733  talk.politics.misc 0.32628632790575535  talk.politics.guns 0.31251075429421743 
doc271 talk.politics.guns talk.politics.mideast 0.3558339195782283  talk.politics.misc 0.33016042772616566  talk.politics.guns 0.3140056526956061 
